
Sampling time: 1 s
The sampling is done each 10 seconds, but an interpolation is done among two sets of values.

0.181818182
0.181818182
0.181818182
0.181818182
0.181818182
0.181818182
0.181818182
0.181818182
0.181818182
0.181818182
0.181818182
0.181818182
0.181818182
0.181818182
0.197000461
0.214928473
0.227272727
0.227272727
0.227272727
0.227272727
0.227272727
0.227272727
0.227272727
0.227272727
0.227272727
0.227272727
0.227272727
0.227272727
0.227272727
0.227272727
0.227272727
0.227272727
0.227272727
0.227272727
0.227272727
0.227272727
0.227272727
0.227272727
0.227272727
0.227272727
0.227272727
0.227272727
0.227272727
0.227272727
0.227272727
0.227272727
0.227272727
0.227272727
0.227272727
0.227272727
0.227272727
0.227272727
0.227272727
0.227272727
0.227272727
0.227272727
0.227272727
0.227272727
0.227272727
0.227272727
0.227272727
0.227272727
0.227272727
0.227272727
0.227272727
0.227272727
0.227272727
0.227272727
0.227272727
0.227272727
0.227272727
0.227272727
0.227272727
0.227272727
0.227272727
0.227272727
0.227272727
0.227272727
0.227272727
0.227272727
0.227272727
0.227272727
0.227272727
0.227272727
0.242455007
0.260383018
0.272727273
0.272727273
0.272727273
0.272727273
0.272727273
0.272727273
0.272727273
0.272727273
0.287909552
0.305837563
0.318181818
0.318181818
0.318181818
0.318181818
0.318181818
0.318181818
0.318181818
0.318181818
0.318181818
0.318181818
0.318181818
0.318181818
0.318181818
0.318181818
0.318181818
0.318181818
0.318181818
0.318181818
0.318181818
0.318181818
0.318181818
0.318181818
0.318181818
0.318181818
0.318181818
0.318181818
0.318181818
0.318181818
0.333364098
0.351292109
0.363636364
0.363636364
0.363636364
0.363636364
0.363636364
0.363636364
0.363636364
0.363636364
0.363636364
0.363636364
0.363636364
0.363636364
0.363636364
0.363636364
0.363636364
0.363636364
0.363636364
0.363636364
0.378818643
0.396746654
0.409090909
0.409090909
0.409090909
0.409090909
0.409090909
0.409090909
0.409090909
0.409090909
0.409090909
0.409090909
0.409090909
0.409090909
0.409090909
0.409090909
0.409090909
0.409090909
0.409090909
0.409090909
0.409090909
0.409090909
0.409090909
0.409090909
0.409090909
0.409090909
0.409090909
0.409090909
0.409090909
0.409090909
0.409090909
0.409090909
0.409090909
0.409090909
0.409090909
0.409090909
0.409090909
0.409090909
0.409090909
0.409090909
0.409090909
0.409090909
0.409090909
0.409090909
0.409090909
0.409090909
0.409090909
0.409090909
0.409090909
0.409090909
0.393908629
0.375980618
0.363636364
0.363636364
0.363636364
0.363636364
0.363636364
0.363636364
0.363636364
0.363636364
0.363636364
0.363636364
0.363636364
0.363636364
0.363636364
0.363636364
0.363636364
0.363636364
0.363636364
0.363636364
0.378818643
0.396746654
0.409090909
0.409090909
0.409090909
0.409090909
0.409090909
0.409090909
0.409090909
0.409090909
0.393908629
0.375980618
0.363636364
0.363636364
0.363636364
0.363636364
0.363636364
0.363636364
0.363636364
0.363636364
0.363636364
0.363636364
0.363636364
0.363636364
0.363636364
0.363636364
0.363636364
0.363636364
0.363636364
0.363636364
0.363636364
0.363636364
0.363636364
0.363636364
0.363636364
0.363636364
0.363636364
0.363636364
0.363636364
0.363636364
0.348454084
0.330526073
0.318181818
0.318181818
0.318181818
0.318181818
0.318181818
0.318181818
0.318181818
0.318181818
0.302999539
0.285071527
0.272727273
0.272727273
0.272727273
0.272727273
0.272727273
0.272727273
0.272727273
0.272727273
0.303091832
0.338947854
0.363636364
0.363636364
0.363636364
0.363636364
0.363636364
0.363636364
0.363636364
0.363636364
0.363636364
0.363636364
0.363636364
0.363636364
0.363636364
0.363636364
0.363636364
0.363636364
0.363636364
0.363636364
0.363636364
0.363636364
0.363636364
0.363636364
0.363636364
0.363636364
0.363636364
0.363636364
0.363636364
0.363636364
0.363636364
0.363636364
0.363636364
0.363636364
0.363636364
0.363636364
0.363636364
0.363636364
0.363636364
0.363636364
0.363636364
0.363636364
0.363636364
0.363636364
0.363636364
0.363636364
0.363636364
0.363636364
0.363636364
0.363636364
0.363636364
0.363636364
0.363636364
0.363636364
0.363636364
0.363636364
0.363636364
0.363636364
0.363636364
0.363636364
0.348454084
0.330526073
0.318181818
0.318181818
0.318181818
0.318181818
0.318181818
0.318181818
0.318181818
0.318181818
0.318181818
0.318181818
0.318181818
0.318181818
0.318181818
0.318181818
0.318181818
0.318181818
0.318181818
0.318181818
0.318181818
0.318181818
0.318181818
0.318181818
0.318181818
0.318181818
0.318181818
0.318181818
0.318181818
0.318181818
0.302999539
0.285071527
0.272727273
0.272727273
0.272727273
0.272727273
0.272727273
0.272727273
0.272727273
0.272727273
0.257544993
0.239616982
0.227272727
0.227272727
0.227272727
0.227272727
0.227272727
0.227272727
0.227272727
0.227272727
0.227272727
0.227272727
0.227272727
0.227272727
0.227272727
0.227272727
0.227272727
0.227272727
0.227272727
0.227272727
0.227272727
0.227272727
0.227272727
0.227272727
0.227272727
0.227272727
0.227272727
0.227272727
0.227272727
0.227272727
0.212090448
0.194162437
0.181818182
0.181818182
0.181818182
0.181818182
0.181818182
0.181818182
0.181818182
0.181818182
0.181818182
0.181818182
0.181818182
0.181818182
0.181818182
0.181818182
0.181818182
0.181818182
0.181818182
0.181818182
0.181818182
0.181818182
0.181818182
0.181818182
0.181818182
0.181818182
0.181818182
0.181818182
0.181818182
0.181818182
0.181818182
0.181818182
0.181818182
0.181818182
0.181818182
0.181818182
0.181818182
0.181818182
0.181818182
0.181818182
0.181818182
0.181818182
0.181818182
0.181818182
0.181818182
0.181818182
0.181818182
0.181818182
0.181818182
0.181818182
0.181818182
0.181818182
0.181818182
0.181818182
0.181818182
0.181818182
0.181818182
0.181818182
0.181818182
0.181818182
0.166635902
0.148707891
0.136363636
0.136363636
0.136363636
0.136363636
0.136363636
0.136363636
0.136363636
0.136363636
0.136363636
0.136363636
0.136363636
0.136363636
0.136363636
0.136363636
0.136363636
0.136363636
0.136363636
0.136363636
0.136363636
0.136363636
0.136363636
0.136363636
0.136363636
0.136363636
0.136363636
0.136363636
0.136363636
0.136363636
0.136363636
0.136363636
0.136363636
0.136363636
0.136363636
0.136363636
0.136363636
0.136363636
0.136363636
0.136363636
0.136363636
0.136363636
0.136363636
0.136363636
0.136363636
0.136363636
0.136363636
0.136363636
0.136363636
0.136363636
0.121181357
0.103253346
0.090909091
0.090909091
0.090909091
0.090909091
0.090909091
0.090909091
0.090909091
0.090909091
0.090909091
0.090909091
0.090909091
0.090909091
0.090909091
0.090909091
0.090909091
0.090909091
0.090909091
0.090909091
0.090909091
0.090909091
0.090909091
0.090909091
0.090909091
0.090909091
0.090909091
0.090909091
0.090909091
0.090909091
0.090909091
0.090909091
0.090909091
0.090909091
0.090909091
0.090909091
0.090909091
0.090909091
0.090909091
0.090909091
0.090909091
0.090909091
0.090909091
0.090909091
0.090909091
0.090909091
0.090909091
0.090909091
0.090909091
0.090909091
0.090909091
0.090909091
0.090909091
0.090909091
0.090909091
0.090909091
0.090909091
0.090909091
0.090909091
0.090909091
0.090909091
0.090909091
0.090909091
0.090909091
0.090909091
0.090909091
0.090909091
0.090909091
0.090909091
0.090909091
0.090909091
0.090909091
0.090909091
0.090909091
0.090909091
0.090909091
0.090909091
0.090909091
0.090909091
0.090909091
0.090909091
0.090909091
0.090909091
0.090909091
0.090909091
0.090909091
0.090909091
0.090909091
0.090909091
0.090909091
0.090909091
0.090909091
0.090909091
0.090909091
0.090909091
0.090909091
0.090909091
0.090909091
0.090909091
0.090909091
0.090909091
0.090909091
0.090909091
0.090909091
0.090909091
0.090909091
0.090909091
0.090909091
0.090909091
0.090909091
0.106091371
0.124019382
0.136363636
0.136363636
0.136363636
0.136363636
0.136363636
0.136363636
0.136363636
0.136363636
0.136363636
0.136363636
0.136363636
0.136363636
0.136363636
0.136363636
0.136363636
0.136363636
0.136363636
0.136363636
0.136363636
0.136363636
0.136363636
0.136363636
0.136363636
0.136363636
0.136363636
0.136363636
0.136363636
0.136363636
0.136363636
0.136363636
0.136363636
0.136363636
0.136363636
0.136363636
0.136363636
0.136363636
0.136363636
0.136363636
0.136363636
0.136363636
0.136363636
0.136363636
0.136363636
0.136363636
0.136363636
0.136363636
0.136363636
0.136363636
0.136363636
0.136363636
0.136363636
0.136363636
0.136363636
0.136363636
0.136363636
0.136363636
0.136363636
0.136363636
0.136363636
0.136363636
0.136363636
0.136363636
0.136363636
0.136363636
0.136363636
0.136363636
0.136363636
0.136363636
0.136363636
0.136363636
0.136363636
0.136363636
0.136363636
0.136363636
0.136363636
0.136363636
0.136363636
0.136363636
0.136363636
0.136363636
0.136363636
0.136363636
0.136363636
0.136363636
0.136363636
0.136363636
0.136363636
0.136363636
0.151545916
0.169473927
0.181818182
0.181818182
0.181818182
0.181818182
0.181818182
0.181818182
0.181818182
0.181818182
0.181818182
0.181818182
0.181818182
0.181818182
0.181818182
0.181818182
0.181818182
0.181818182
0.181818182
0.181818182
0.181818182
0.181818182
0.181818182
0.181818182
0.181818182
0.181818182
0.181818182
0.181818182
0.181818182
0.181818182
0.197000461
0.214928473
0.227272727
0.227272727
0.227272727
0.227272727
0.227272727
0.227272727
0.227272727
0.227272727
0.242455007
0.260383018
0.272727273
0.272727273
0.272727273
0.272727273
0.272727273
0.272727273
0.272727273
0.272727273
0.272727273
0.272727273
0.272727273
0.272727273
0.272727273
0.272727273
0.272727273
0.272727273
0.272727273
0.272727273
0.287909552
0.305837563
0.318181818
0.318181818
0.318181818
0.318181818
0.318181818
0.318181818
0.318181818
0.318181818
0.333364098
0.351292109
0.363636364
0.363636364
0.363636364
0.363636364
0.363636364
0.363636364
0.363636364
0.363636364
0.394000923
0.429856945
0.454545455
0.454545455
0.454545455
0.454545455
0.454545455
0.454545455
0.454545455
0.454545455
0.454545455
0.454545455
0.454545455
0.454545455
0.454545455
0.454545455
0.454545455
0.454545455
0.454545455
0.454545455
0.469727734
0.487655745
0.5
0.5
0.5
0.5
0.5
0.5
0.5
0.5
0.5
0.5
0.5
0.5
0.5
0.5
0.5
0.5
0.5
0.5
0.5
0.5
0.5
0.5
0.5
0.5
0.5
0.5
0.5
0.5
0.5
0.5
0.5
0.5
0.5
0.5
0.5
0.5
0.5
0.5
0.5
0.5
0.5
0.5
0.5
0.5
0.5
0.5
0.5
0.5
0.469635441
0.433779419
0.409090909
0.409090909
0.409090909
0.409090909
0.409090909
0.409090909
0.409090909
0.409090909
0.424273189
0.4422012
0.454545455
0.454545455
0.454545455
0.454545455
0.454545455
0.454545455
0.454545455
0.454545455
0.484910014
0.520766036
0.545454545
0.545454545
0.545454545
0.545454545
0.545454545
0.545454545
0.545454545
0.545454545
0.575819105
0.611675127
0.636363636
0.636363636
0.636363636
0.636363636
0.636363636
0.636363636
0.636363636
0.636363636
0.651545916
0.669473927
0.681818182
0.681818182
0.681818182
0.681818182
0.681818182
0.681818182
0.681818182
0.681818182
0.712182741
0.748038763
0.772727273
0.772727273
0.772727273
0.772727273
0.772727273
0.772727273
0.772727273
0.772727273
0.787909552
0.805837563
0.818181818
0.818181818
0.818181818
0.818181818
0.818181818
0.818181818
0.818181818
0.818181818
0.818181818
0.818181818
0.818181818
0.818181818
0.818181818
0.818181818
0.818181818
0.818181818
0.818181818
0.818181818
0.818181818
0.818181818
0.818181818
0.818181818
0.818181818
0.818181818
0.818181818
0.818181818
0.818181818
0.818181818
0.833364098
0.851292109
0.863636364
0.863636364
0.863636364
0.863636364
0.863636364
0.863636364
0.863636364
0.863636364
0.863636364
0.863636364
0.863636364
0.863636364
0.863636364
0.863636364
0.863636364
0.863636364
0.863636364
0.863636364
0.863636364
0.863636364
0.863636364
0.863636364
0.863636364
0.863636364
0.863636364
0.863636364
0.863636364
0.863636364
0.863636364
0.863636364
0.863636364
0.863636364
0.863636364
0.863636364
0.863636364
0.863636364
0.863636364
0.863636364
0.878818643
0.896746654
0.909090909
0.909090909
0.909090909
0.909090909
0.909090909
0.909090909
0.909090909
0.909090909
0.893908629
0.875980618
0.863636364
0.863636364
0.863636364
0.863636364
0.863636364
0.863636364
0.863636364
0.863636364
0.878818643
0.896746654
0.909090909
0.909090909
0.909090909
0.909090909
0.909090909
0.909090909
0.909090909
0.909090909
0.909090909
0.909090909
0.909090909
0.909090909
0.909090909
0.909090909
0.909090909
0.909090909
0.909090909
0.909090909
0.909090909
0.909090909
0.909090909
0.909090909
0.909090909
0.909090909
0.909090909
0.909090909
0.909090909
0.909090909
0.909090909
0.909090909
0.909090909
0.909090909
0.909090909
0.909090909
0.909090909
0.909090909
0.909090909
0.909090909
0.909090909
0.909090909
0.909090909
0.909090909
0.909090909
0.909090909
0.909090909
0.909090909
0.909090909
0.909090909
0.909090909
0.909090909
0.909090909
0.909090909
0.909090909
0.909090909
0.909090909
0.909090909
0.909090909
0.909090909
0.909090909
0.909090909
0.909090909
0.909090909
0.909090909
0.909090909
0.909090909
0.909090909
0.909090909
0.909090909
0.909090909
0.909090909
0.909090909
0.909090909
0.909090909
0.909090909
0.909090909
0.909090909
0.909090909
0.909090909
0.909090909
0.909090909
0.909090909
0.909090909
0.909090909
0.909090909
0.909090909
0.909090909
0.909090909
0.909090909
0.909090909
0.909090909
0.909090909
0.909090909
0.909090909
0.909090909
0.909090909
0.909090909
0.909090909
0.909090909
0.909090909
0.909090909
0.909090909
0.909090909
0.909090909
0.909090909
0.909090909
0.909090909
0.909090909
0.909090909
0.909090909
0.909090909
0.909090909
0.909090909
0.909090909
0.909090909
0.909090909
0.909090909
0.909090909
0.909090909
0.909090909
0.909090909
0.909090909
0.909090909
0.909090909
0.909090909
0.909090909
0.909090909
0.909090909
0.909090909
0.909090909
0.909090909
0.909090909
0.909090909
0.909090909
0.909090909
0.909090909
0.909090909
0.909090909
0.909090909
0.909090909
0.909090909
0.909090909
0.909090909
0.909090909
0.909090909
0.909090909
0.909090909
0.909090909
0.909090909
0.909090909
0.909090909
0.909090909
0.909090909
0.909090909
0.909090909
0.909090909
0.909090909
0.909090909
0.909090909
0.909090909
0.909090909
0.909090909
0.909090909
0.909090909
0.909090909
0.909090909
0.909090909
0.909090909
0.909090909
0.893908629
0.875980618
0.863636364
0.863636364
0.863636364
0.863636364
0.863636364
0.863636364
0.863636364
0.863636364
0.863636364
0.863636364
0.863636364
0.863636364
0.863636364
0.863636364
0.863636364
0.863636364
0.863636364
0.863636364
0.863636364
0.863636364
0.863636364
0.863636364
0.863636364
0.863636364
0.863636364
0.863636364
0.863636364
0.863636364
0.863636364
0.863636364
0.863636364
0.863636364
0.863636364
0.863636364
0.863636364
0.863636364
0.863636364
0.863636364
0.863636364
0.863636364
0.863636364
0.863636364
0.863636364
0.863636364
0.863636364
0.863636364
0.863636364
0.863636364
0.863636364
0.863636364
0.863636364
0.863636364
0.863636364
0.863636364
0.863636364
0.863636364
0.863636364
0.863636364
0.863636364
0.863636364
0.863636364
0.863636364
0.863636364
0.863636364
0.863636364
0.863636364
0.863636364
0.863636364
0.863636364
0.863636364
0.863636364
0.863636364
0.863636364
0.863636364
0.863636364
0.863636364
0.863636364
0.863636364
0.863636364
0.863636364
0.863636364
0.863636364
0.863636364
0.863636364
0.863636364
0.863636364
0.863636364
0.863636364
0.863636364
0.863636364
0.863636364
0.863636364
0.863636364
0.863636364
0.863636364
0.863636364
0.863636364
0.863636364
0.863636364
0.863636364
0.863636364
0.863636364
0.863636364
0.863636364
0.863636364
0.863636364
0.863636364
0.863636364
0.863636364
0.863636364
0.863636364
0.863636364
0.863636364
0.863636364
0.863636364
0.863636364
0.863636364
0.863636364
0.863636364
0.863636364
0.863636364
0.863636364
0.863636364
0.863636364
0.863636364
0.863636364
0.863636364
0.863636364
0.863636364
0.863636364
0.863636364
0.863636364
0.863636364
0.863636364
0.863636364
0.863636364
0.863636364
0.863636364
0.863636364
0.863636364
0.863636364
0.863636364
0.863636364
0.863636364
0.863636364
0.863636364
0.863636364
0.863636364
0.863636364
0.863636364
0.863636364
0.863636364
0.863636364
0.863636364
0.863636364
0.863636364
0.863636364
0.863636364
0.878818643
0.896746654
0.909090909
0.909090909
0.909090909
0.909090909
0.909090909
0.909090909
0.909090909
0.909090909
0.909090909
0.909090909
0.909090909
0.909090909
0.909090909
0.909090909
0.909090909
0.909090909
0.909090909
0.909090909
0.893908629
0.875980618
0.863636364
0.863636364
0.863636364
0.863636364
0.863636364
0.863636364
0.863636364
0.863636364
0.878818643
0.896746654
0.909090909
0.909090909
0.909090909
0.909090909
0.909090909
0.909090909
0.909090909
0.909090909
0.909090909
0.909090909
0.909090909
0.909090909
0.909090909
0.909090909
0.909090909
0.909090909
0.909090909
0.909090909
0.909090909
0.909090909
0.909090909
0.909090909
0.909090909
0.909090909
0.909090909
0.909090909
0.909090909
0.909090909
0.909090909
0.909090909
0.909090909
0.909090909
0.909090909
0.909090909
0.909090909
0.909090909
0.909090909
0.909090909
0.924273189
0.9422012
0.954545455
0.954545455
0.954545455
0.954545455
0.954545455
0.954545455
0.954545455
0.954545455
0.954545455
0.954545455
0.954545455
0.954545455
0.954545455
0.954545455
0.954545455
0.954545455
0.954545455
0.954545455
0.969727734
0.987655745
1
1
1
1
1
1
1
1
1
1
1
1
1
1
1
1
1
1
1
1
1
1
1
1
1
1
1
1
1
1
1
1
1
1
1
1
1
1
0.98481772
0.966889709
0.954545455
0.954545455
0.954545455
0.954545455
0.954545455
0.954545455
0.954545455
0.954545455
0.954545455
0.954545455
0.954545455
0.954545455
0.954545455
0.954545455
0.954545455
0.954545455
0.954545455
0.954545455
0.954545455
0.954545455
0.954545455
0.954545455
0.954545455
0.954545455
0.954545455
0.954545455
0.954545455
0.954545455
0.969727734
0.987655745
1
1
1
1
1
1
1
1
1
1
1
1
1
1
1
1
1
1
1
1
1
1
1
1
1
1
1
1
1
1
1
1
1
1
1
1
1
1
1
1
1
1
1
1
1
1
1
1
1
1
1
1
1
1
1
1
1
1
1
1
1
1
1
1
1
1
1
1
1
1
1
1
1
1
1
1
1
1
1
1
1
1
1
1
1
1
1
1
1
1
1
1
1
1

